178,83,349,79,349,102,178,106
205,106,322,106,322,128,205,128
32,124,145,124,145,157,32,157
189,134,213,132,234,130,273,128,298,129,324,128,347,127,349,148,326,149,299,150,271,149,236,151,213,153,189,156
208,154,317,154,317,174,208,174
139,194,152,194,178,194,202,196,222,195,246,193,271,191,271,210,247,212,223,215,201,215,178,213,153,214,140,213
288,216,379,213,380,233,289,236
32,217,244,217,244,236,32,236
29,237,39,237,53,237,64,237,77,237,94,237,104,238,104,256,94,255,77,255,65,255,51,255,37,255,28,255
273,237,389,236,389,254,273,256
324,277,381,277,381,297,324,297
29,279,38,278,52,278,69,277,80,277,97,280,107,282,104,301,94,299,78,296,70,296,53,297,38,297,28,298
177,277,186,279,196,280,211,282,217,280,228,279,236,276,237,293,228,296,220,297,208,299,196,297,186,297,178,295
265,280,284,280,284,297,265,297
32,301,277,301,277,320,32,320
32,321,144,321,144,338,32,338
332,321,388,321,388,340,332,340
189,322,244,322,244,340,189,340
46,340,79,340,122,339,194,340,261,339,303,340,335,341,335,360,302,359,261,358,193,360,122,358,79,359,47,359
32,362,145,362,145,381,32,381
190,362,244,362,244,381,190,381
332,364,388,364,388,381,332,381
33,401,210,401,210,421,33,421
329,405,337,405,348,406,361,406,370,406,381,406,388,405,386,420,379,421,372,421,362,421,346,421,336,420,329,420
33,422,169,422,169,442,33,442
366,428,378,428,378,442,366,442
33,442,153,442,153,462,33,462
332,446,388,446,388,465,332,465
40,464,112,464,112,484,40,484
332,468,388,468,388,485,332,485
32,484,137,484,137,505,32,505
98,504,317,506,317,528,98,526
89,565,320,570,319,592,89,587
39,591,69,591,152,591,203,590,278,592,328,594,357,595,357,612,328,611,277,610,203,608,152,608,69,608,39,609
72,630,337,633,337,654,71,650
30,653,378,656,378,675,30,672
